41082619760103451X
41082619760103451x
620105197412201066
620123197209177016
620123196307292128
620123196208092147
620123197103155732
620123197007095717
620123195611132124
620123195802072128
620123196202125745
620123196401202141
620123197109151783
620123194507102713
620123196306132122
620123197312176118
620123195202042145
620123194909041714
620123197002052160
620123195112032110
620123196401192123
620123197011282160
620123197201101738
652901197608030428
620123196707071316
620123197409212728
620123197005215711
620123195903112723
620123194610042114
62012319471202171x
620123195412012111
620102197405286226
622421197201236128
330522196906044528
620123195201050720
632825196408030041
632826196508170021
632826196804010081
632826196709240049
63282619650127002x
620123197010201741
620123197105132729
620123196311085420
620123196811201758
62012319680519212x
62012319571208212x
62012319720302174x
620123196205152183
620123196405086141
620123198908092112
620123196408102127
620123197006202162
620123196109152116
620123195811052129
620123197403022122
620123195608020033
620123196509152123
620123196502256624
622222195709020025
620123196304052129
620123194711146641
620123197110191766
620111197508091516
620123196412202112